50
77.1399 28.7545
77.0637 28.7517
77.0439 28.7438
77.0929 28.7193
77.1301 28.7754
77.046 28.7329
77.0383 28.7332
77.1622 28.7583
77.0391 28.7539
77.0381 28.749
77.056 28.7135
77.1139 28.7336
77.1466 28.7266
77.1098 28.719
77.0638 28.7469
77.0666 28.7012
77.139 28.7331
77.1584 28.7699
77.078 28.7568
77.1257 28.7561
77.0391 28.7771
77.059 28.7532
77.1138 28.7774
77.0489 28.74
77.1232 28.7105
77.0504 28.7703
77.0436 28.7597
77.0448 28.7053
77.0639 28.7196
77.0776 28.7623
77.1515 28.7417
77.0607 28.703
77.1469 28.7789
77.0628 28.7108
77.0526 28.7432
77.1718 28.716
77.1024 28.7426
77.0581 28.7333
77.0395 28.7641
77.1167 28.7552
77.0689 28.774
77.0947 28.7663
77.0779 28.7062
77.0467 28.7808
77.1715 28.737
77.1547 28.7086
77.1517 28.763
77.0744 28.7389
77.1516 28.7489
77.1227 28.7813
